0 2
0.05 1.9201194320712693
0.1 1.8406881959910912
0.15000000000000002 1.7621556236080178
0.2 1.6849710467706014
0.25 1.609583797327394
0.3 1.5364432071269487
0.35 1.4659986080178173
0.39999999999999997 1.3986993318485523
0.44999999999999996 1.334994710467706
0.49999999999999994 1.2753340757238307
0.5499999999999999 1.220166759465479
0.6 1.1699420935412026
0.65 1.1251094097995546
0.7000000000000001 1.0861180400890866
0.7500000000000001 1.053417316258352
0.8000000000000002 1.0274565701559017
0.8500000000000002 1.0086851336302896
0.9000000000000002 0.9975523385300666
0.9500000000000003 0.9945075167037863
1.0000000000000002 1
1.0500000000000003 1.0138557906458798
1.1000000000000003 1.0334075723830736
1.1500000000000004 1.0553646993318488
1.2000000000000004 1.0764365256124724
1.2500000000000004 1.0933324053452118
1.3000000000000005 1.102761692650334
1.3500000000000005 1.1014337416481068
1.4000000000000006 1.086057906458797
1.4500000000000006 1.053343541202672
1.5000000000000007 0.9999999999999992
1.5500000000000007 0.9241286191536736
1.6000000000000008 0.8293986636971031
1.6500000000000008 0.7208713808463234
1.7000000000000008 0.60360801781737
1.7500000000000009 0.4826698218262785
1.800000000000001 0.36311804008908466
1.850000000000001 0.2500139198218242
1.900000000000001 0.14841870824053263
1.950000000000001 0.06339365256124566
2.000000000000001 -9.040034249509065e-16
2.0500000000000007 -0.03783463251670406
2.1000000000000005 -0.05071714922048987
2.1500000000000004 -0.040388084632516405
2.2 -0.008587973273941868
2.25 0.04294265033407582
2.3 0.11246325167037832
2.3499999999999996 0.19823329621380792
2.3999999999999995 0.29851224944320615
2.4499999999999993 0.41155957683741473
2.499999999999999 0.5356347438752762
2.549999999999999 0.6689972160356319
2.5999999999999988 0.8099064587973239
2.6499999999999986 0.9566219376391941
2.6999999999999984 1.1074031180400843
2.7499999999999982 1.2605094654788362
2.799999999999998 1.4142004454342925
2.849999999999998 1.5667355233852942
2.8999999999999977 1.7163741648106836
2.9499999999999975 1.8613758351893024
2.9999999999999973 1.999999999999993
3.049999999999997 2.130787026726051
3.099999999999997 2.25340089086859
3.149999999999997 2.367786469933178
3.1999999999999966 2.4738886414253827
3.2499999999999964 2.571652282850773
3.2999999999999963 2.661022271714916
3.349999999999996 2.7419434855233793
3.399999999999996 2.814360801781732
3.4499999999999957 2.87821909799554
3.4999999999999956 2.933463251670374
3.5499999999999954 2.9800381403118
3.599999999999995 3.0178886414253867
3.649999999999995 3.0469596325167014
3.699999999999995 3.0671959910913125
3.7499999999999947 3.0785425946547877
3.7999999999999945 3.080944320712695
3.8499999999999943 3.0743460467706027
3.899999999999994 3.0586926503340783
3.949999999999994 3.0339290089086894
3.999999999999994 3.000000000000005
4.049999999999994 2.956936525612478
4.099999999999993 2.90511358574611
4.149999999999993 2.844992204899786
4.199999999999993 2.777033407572393
4.249999999999993 2.7016982182628175
4.299999999999993 2.6194476614699456
4.3499999999999925 2.530742761692664
4.399999999999992 2.436044543429859
4.449999999999992 2.335814031180417
4.499999999999992 2.2305122494432243
4.549999999999992 2.1206002227171674
4.599999999999992 2.006538975501133
4.6499999999999915 1.888789532294007
4.699999999999991 1.7678129175946762
4.749999999999991 1.6440701559020265
4.799999999999991 1.518022271714945
4.849999999999991 1.3901302895323178
4.899999999999991 1.2608552338530312
4.94999999999999 1.1306581291759716
4.99999999999999 1.0000000000000255
